#fabrica(linha) x deposito (coluna);;;;;;
#tipo transporte1;;;;;;
0;129;548;559;434;571;1455
129;0;714;626;448;723;1332
548;714;0;130;359;24;2002
559;626;130;0;238;103;1880
434;448;359;238;0;357;1702
571;723;24;103;357;0;1977
1455;1332;2002;1880;1702;1977;0
#tipo transporte2;;;;;;
0;136;688;608;491;701;1790
136;0;824;744;627;837;1654
688;824;0;80;362;14;2478
608;744;80;0;282;94;2398
491;627;362;282;0;375;2281
701;837;14;94;375;0;2491
1790;1654;2478;2398;2281;2491;0
