#fabrica(linha) x deposito (coluna);;;;;;
#tipo transporte1;;;;;;
0;432;347;389;206;369;1437
432;0;117;48;599;664;1265
347;117;0;117;184;367;1568
389;48;117;0;557;622;1227
206;599;525;557;0;188;1615
369;664;645;622;188;0;1735
1437;1265;1151;1227;1615;1735;0
#tipo transporte2;;;;;;
0;517;383;463;214;428;1746
517;0;237;54;731;945;1600
383;237;0;502;597;811;1363
463;54;502;0;677;891;1865
214;731;597;677;0;214;1960
428;945;811;891;214;0;2174
1746;1600;1363;1865;1960;2174;0
