deposito (linha) x cliente (coluna);;;;;;;;
#tipo transporte1;;;;;;;;
0;242;1949;1936;2153;2237;3481;3432;736
242;0;1771;1771;2186;2269;3514;3465;513
1949;1771;0;800;2143;2192;3835;3786;0
1936;1771;800;0;1439;1489;3131;3082;10
2153;2186;2143;1439;0;221;1702;1653;583
2237;2269;2192;1489;221;0;1755;1707;482
3481;3514;3835;3131;1702;1755;0;60;80
3432;3465;3786;3082;1653;1707;60;0;0
