#fabrica(linha) x deposito (coluna);;;
#tipo transporte1;;;
0;1771;2186;3514
1771;0;2143;3835
2186;2143;0;1702
3514;3835;1702;0
#tipo transporte2;;;
0;2801;2762;4941
2801;0;2876;5119
2762;2876;0;2281
4941;5119;2281;0
